bar	4.97166	1.64285	1.64959
bedroom	4.40054	3.27577	2.98557
bin_location	7.2576	2.78859	0.0814139
blueBin	-1.40131	2.5467	3.25989
center_cubby	-0.975698	1.9987	0.0952151
chair_1	7.22545	3.71108	0.885124
chair_2	7.53742	2.89545	0.0410251
chair_3	7.67955	1.92797	-0.474535
dining_room	4.89317	1.59702	1.58039
dining_table	4.80302	1.6043	-0.0198342
door	-0.0900065	0.154376	-0.0178073
door_1	1.5528	0.731566	3.84882
garbage_bin	7.16276	2.25756	0.286345
greenBin	-1.34544	1.88477	3.23851
initial_point	-1.14551	1.88108	-1.53454
kitchen	4.80897	1.61845	0.106854
kitchen_table	2.37234	0.754069	-1.45886
last_know_location	4.45734	3.14843	0.0788007
left_cubby	-0.900286	2.83091	0.123766
living_room	6.29287	2.57974	0.0489902
mimesa	7.79172	3.18081	0.059075
mug_location	-1.44847	3.64574	0.100191
objects_bin	6.77937	3.28846	0.210517
redBin	-1.4463	3.21955	3.24398
right_cubby	-0.966255	1.11009	0.101829
shelf	1.46821	1.3287	3.24113
trash_location	-0.204293	-0.00254709	3.18964
tray	-1.41981	4.07936	1.62447
trayLoc	-1.13349	3.1996	1.71971
yellowBin	-1.29428	1.2139	3.21866
