blue_cup 9.34122 3.20056 0.00961946
watering_can 0.889372 -1.92711 -0.42022
gray_knife 0.889372 -1.92711 -0.42022
flashlight 0.887181 -1.92424 -0.421442
yellow_dish 0.887181 -1.92424 -0.421442
oolong_tea 0.887181 -1.92424 -0.421442
plant 0.887181 -1.92424 -0.421442
spray 0.887181 -1.92424 -0.421442
yourobject 2.46099 -1.91815 1.59862
flashlight 9.0505 3.19161 -0.00162864
plant 9.0505 3.19161 -0.00162864
blue_cup 9.0505 3.19161 -0.00162864
oolong_tea 9.04896 3.19047 -0.000964653
plant 9.04896 3.19047 -0.000964653
plant 9.04896 3.19047 -0.000964653
