mineral_water 2.46099 -1.91815 1.59862
ketchup 2.46099 -1.91815 1.59862
canned_mustard 0.0127306 -0.109659 -0.0217914
green_drink 2.46099 -1.91815 1.59862
potato 2.46099 -1.91815 1.59862
green_dish 2.46099 -1.91815 1.59862
water_bottle 2.46099 -1.91815 1.59862
pink_biscuits -0.151639 0.0172222 -0.00947176
yourobject 2.46099 -1.91815 1.59862
pink_biscuits 2.24702 2.51161 0.790137
pink_biscuits 2.24702 2.51161 0.790137
mineral_water 2.24702 2.51161 0.790137
pink_biscuits 2.24702 2.51161 0.790137
canned_mustard 2.24702 2.51161 0.790137
