eggplant 2.46099 -1.91815 1.59862
yellow_clock 0.0130717 -0.0192041 -0.0313618
orange_drink 0.0130717 -0.0192041 -0.0313618
tomato 0.0118225 -0.0379434 -0.0250114
yellow_bisciuts 2.46099 -1.91815 1.59862
mixed_nuts 2.46099 -1.91815 1.59862
pink_cup 2.46099 -1.91815 1.59862
green_spoon 2.46099 -1.91815 1.59862
yourobject 2.46099 -1.91815 1.59862
tomato 2.48286 -1.89248 1.57323
eggplant 2.48286 -1.89248 1.57323
yellow_clock 2.48286 -1.89248 1.57323
pink_cup 2.48286 -1.89248 1.57323
yellow_biscuits 2.48286 -1.89248 1.57323
orange_drink 2.48286 -1.89248 1.57323
orange_drink 2.48286 -1.89248 1.57323
